award_notice_date,award_amount,year,day_of_year,cumulative_award_amount
2021-01-01,27061981,2021,1,27061981
2021-01-02,756014,2021,2,27817995
2021-01-04,23417738,2021,4,51235733
2021-01-05,27641374,2021,5,78877107
2021-01-06,35826921,2021,6,114704028
2021-01-07,44325714,2021,7,159029742
2021-01-08,50685776,2021,8,209715518
2021-01-09,7371943,2021,9,217087461
2021-01-10,3577544,2021,10,220665005
2021-01-11,47733063,2021,11,268398068
2021-01-12,49377970,2021,12,317776038
2021-01-13,52877990,2021,13,370654028
2021-01-14,76893099,2021,14,447547127
2021-01-15,92152479,2021,15,539699606
2021-01-16,728120,2021,16,540427726
2021-01-17,1821820,2021,17,542249546
2021-01-18,54188052,2021,18,596437598
2021-01-19,53487450,2021,19,649925048
2021-01-20,63260905,2021,20,713185953
2021-01-21,42175529,2021,21,755361482
2021-01-22,100710343,2021,22,856071825
2021-01-23,14598112,2021,23,870669937
2021-01-24,428476,2021,24,871098413
2021-01-25,112085307,2021,25,983183720
2021-01-26,98157780,2021,26,1081341500
2021-01-27,110817782,2021,27,1192159282
2021-01-28,152932476,2021,28,1345091758
2021-01-29,172334128,2021,29,1517425886
2021-01-30,14362098,2021,30,1531787984
2021-01-31,9625407,2021,31,1541413391
2021-02-01,116223158,2021,32,1657636549
2021-02-02,80960563,2021,33,1738597112
2021-02-03,100546321,2021,34,1839143433
2021-02-04,99547752,2021,35,1938691185
2021-02-05,103133963,2021,36,2041825148
2021-02-06,10738261,2021,37,2052563409
2021-02-08,77465137,2021,39,2130028546
2021-02-09,80826606,2021,40,2210855152
2021-02-10,116225261,2021,41,2327080413
2021-02-11,97577341,2021,42,2424657754
2021-02-12,119095139,2021,43,2543752893
2021-02-13,9156357,2021,44,2552909250
2021-02-14,6974845,2021,45,2559884095
2021-02-15,64362599,2021,46,2624246694
2021-02-16,43097180,2021,47,2667343874
2021-02-17,95455925,2021,48,2762799799
2021-02-18,107355715,2021,49,2870155514
2021-02-19,118386024,2021,50,2988541538
2021-02-20,11973146,2021,51,3000514684
2021-02-21,4079862,2021,52,3004594546
2021-02-22,132536592,2021,53,3137131138
2021-02-23,107821709,2021,54,3244952847
2021-02-24,155919940,2021,55,3400872787
2021-02-25,173792663,2021,56,3574665450
2021-02-26,205874307,2021,57,3780539757
2021-02-27,6908175,2021,58,3787447932
2021-02-28,40835271,2021,59,3828283203
2021-03-01,202646379,2021,60,4030929582
2021-03-02,77674308,2021,61,4108603890
2021-03-03,110411074,2021,62,4219014964
2021-03-04,103978401,2021,63,4322993365
2021-03-05,110582580,2021,64,4433575945
2021-03-06,17276028,2021,65,4450851973
2021-03-07,1623078,2021,66,4452475051
2021-03-08,107076188,2021,67,4559551239
2021-03-09,83376887,2021,68,4642928126
2021-03-10,83779999,2021,69,4726708125
2021-03-11,115616705,2021,70,4842324830
2021-03-12,152516832,2021,71,4994841662
2021-03-13,10618113,2021,72,5005459775
2021-03-14,1906090,2021,73,5007365865
2021-03-15,153291519,2021,74,5160657384
2021-03-16,163465626,2021,75,5324123010
2021-03-17,141086264,2021,76,5465209274
2021-03-18,146792172,2021,77,5612001446
2021-03-19,174665687,2021,78,5786667133
2021-03-20,12987916,2021,79,5799655049
2021-03-21,9003122,2021,80,5808658171
2021-03-22,166869512,2021,81,5975527683
2021-03-23,122914506,2021,82,6098442189
2021-03-24,179800722,2021,83,6278242911
2021-03-25,201444547,2021,84,6479687458
2021-03-26,214892351,2021,85,6694579809
2021-03-27,7531797,2021,86,6702111606
2021-03-28,1861030,2021,87,6703972636
2021-03-29,176928565,2021,88,6880901201
2021-03-30,201202672,2021,89,7082103873
2021-03-31,239916361,2021,90,7322020234
2021-04-01,215706454,2021,91,7537726688
2021-04-02,138117005,2021,92,7675843693
2021-04-03,12737937,2021,93,7688581630
2021-04-04,1910477,2021,94,7690492107
2021-04-05,95207877,2021,95,7785699984
2021-04-06,126852151,2021,96,7912552135
2021-04-07,103367357,2021,97,8015919492
2021-04-08,275222602,2021,98,8291142094
2021-04-09,153815004,2021,99,8444957098
2021-04-10,10032422,2021,100,8454989520
2021-04-11,4669286,2021,101,8459658806
2021-04-12,149189966,2021,102,8608848772
2021-04-13,124360233,2021,103,8733209005
2021-04-14,146891297,2021,104,8880100302
2021-04-15,242238346,2021,105,9122338648
2021-04-16,197774412,2021,106,9320113060
2021-04-17,48273790,2021,107,9368386850
2021-04-18,1309287,2021,108,9369696137
2021-04-19,138066837,2021,109,9507762974
2021-04-20,115442696,2021,110,9623205670
2021-04-21,117378811,2021,111,9740584481
2021-04-22,182478216,2021,112,9923062697
2021-04-23,208701021,2021,113,10131763718
2021-04-24,29736747,2021,114,10161500465
2021-04-25,10657692,2021,115,10172158157
2021-04-26,151471707,2021,116,10323629864
2021-04-27,195804476,2021,117,10519434340
2021-04-28,179281711,2021,118,10698716051
2021-04-29,251553045,2021,119,10950269096
2021-04-30,218588731,2021,120,11168857827
2021-05-01,35184792,2021,121,11204042619
2021-05-02,3077874,2021,122,11207120493
2021-05-03,116453959,2021,123,11323574452
2021-05-04,135283092,2021,124,11458857544
2021-05-05,144566832,2021,125,11603424376
2021-05-06,131571030,2021,126,11734995406
2021-05-07,141353699,2021,127,11876349105
2021-05-08,17220432,2021,128,11893569537
2021-05-09,11217515,2021,129,11904787052
2021-05-10,161173159,2021,130,12065960211
2021-05-11,159170091,2021,131,12225130302
2021-05-12,159911449,2021,132,12385041751
2021-05-13,203543907,2021,133,12588585658
2021-05-14,183331060,2021,134,12771916718
2021-05-15,28749633,2021,135,12800666351
2021-05-16,1028377,2021,136,12801694728
2021-05-17,124452045,2021,137,12926146773
2021-05-18,186978957,2021,138,13113125730
2021-05-19,169827349,2021,139,13282953079
2021-05-20,181967321,2021,140,13464920400
2021-05-21,146532531,2021,141,13611452931
2021-05-22,7965230,2021,142,13619418161
2021-05-23,779617,2021,143,13620197778
2021-05-24,195892189,2021,144,13816089967
2021-05-25,620356867,2021,145,14436446834
2021-05-26,218597415,2021,146,14655044249
2021-05-27,216368350,2021,147,14871412599
2021-05-28,253772973,2021,148,15125185572
2021-05-29,36759826,2021,149,15161945398
2021-05-30,1433799,2021,150,15163379197
2021-05-31,96350454,2021,151,15259729651
2021-06-01,229553385,2021,152,15489283036
2021-06-02,157014790,2021,153,15646297826
2021-06-03,225259149,2021,154,15871556975
2021-06-04,174509514,2021,155,16046066489
2021-06-05,24531374,2021,156,16070597863
2021-06-06,1889341,2021,157,16072487204
2021-06-07,176350438,2021,158,16248837642
2021-06-08,190895552,2021,159,16439733194
2021-06-09,186629095,2021,160,16626362289
2021-06-10,334184633,2021,161,16960546922
2021-06-11,189422332,2021,162,17149969254
2021-06-12,17482970,2021,163,17167452224
2021-06-13,5326372,2021,164,17172778596
2021-06-14,168953393,2021,165,17341731989
2021-06-15,232512686,2021,166,17574244675
2021-06-16,274990057,2021,167,17849234732
2021-06-17,246696506,2021,168,18095931238
2021-06-18,239730812,2021,169,18335662050
2021-06-19,8998425,2021,170,18344660475
2021-06-20,3521655,2021,171,18348182130
2021-06-21,105540630,2021,172,18453722760
2021-06-22,183305434,2021,173,18637028194
2021-06-23,208818700,2021,174,18845846894
2021-06-24,251103233,2021,175,19096950127
2021-06-25,300018277,2021,176,19396968404
2021-06-26,16787111,2021,177,19413755515
2021-06-27,12053968,2021,178,19425809483
2021-06-28,231580832,2021,179,19657390315
2021-06-29,300149960,2021,180,19957540275
2021-06-30,367818342,2021,181,20325358617
2021-07-01,273436994,2021,182,20598795611
2021-07-02,196787455,2021,183,20795583066
2021-07-03,17354688,2021,184,20812937754
2021-07-04,4397821,2021,185,20817335575
2021-07-05,70772693,2021,186,20888108268
2021-07-06,98837005,2021,187,20986945273
2021-07-07,187448666,2021,188,21174393939
2021-07-08,216294282,2021,189,21390688221
2021-07-09,214181914,2021,190,21604870135
2021-07-10,19117122,2021,191,21623987257
2021-07-11,4096394,2021,192,21628083651
2021-07-12,172527160,2021,193,21800610811
2021-07-13,199811816,2021,194,22000422627
2021-07-14,193134968,2021,195,22193557595
2021-07-15,226027067,2021,196,22419584662
2021-07-16,221112317,2021,197,22640696979
2021-07-17,16115450,2021,198,22656812429
2021-07-18,1207581,2021,199,22658020010
2021-07-19,198443504,2021,200,22856463514
2021-07-20,231051842,2021,201,23087515356
2021-07-21,203839835,2021,202,23291355191
2021-07-22,206924995,2021,203,23498280186
2021-07-23,213200466,2021,204,23711480652
2021-07-24,15571034,2021,205,23727051686
2021-07-25,10266392,2021,206,23737318078
2021-07-26,241385927,2021,207,23978704005
2021-07-27,172262845,2021,208,24150966850
2021-07-28,313593992,2021,209,24464560842
2021-07-29,242200035,2021,210,24706760877
2021-07-30,384895377,2021,211,25091656254
2021-07-31,41339383,2021,212,25132995637
2021-08-01,35083166,2021,213,25168078803
2021-08-02,178836932,2021,214,25346915735
2021-08-03,246141913,2021,215,25593057648
2021-08-04,228047387,2021,216,25821105035
2021-08-05,240436320,2021,217,26061541355
2021-08-06,222979181,2021,218,26284520536
2021-08-07,6772832,2021,219,26291293368
2021-08-08,6535440,2021,220,26297828808
2021-08-09,248929498,2021,221,26546758306
2021-08-10,241257676,2021,222,26788015982
2021-08-11,301926531,2021,223,27089942513
2021-08-12,290690928,2021,224,27380633441
2021-08-13,317451669,2021,225,27698085110
2021-08-14,15988814,2021,226,27714073924
2021-08-15,13665283,2021,227,27727739207
2021-08-16,203980441,2021,228,27931719648
2021-08-17,224748007,2021,229,28156467655
2021-08-18,212912675,2021,230,28369380330
2021-08-19,247236017,2021,231,28616616347
2021-08-20,247180758,2021,232,28863797105
2021-08-21,15525857,2021,233,28879322962
2021-08-22,12862199,2021,234,28892185161
2021-08-23,173693853,2021,235,29065879014
2021-08-24,294196373,2021,236,29360075387
2021-08-25,354110796,2021,237,29714186183
2021-08-26,270606371,2021,238,29984792554
2021-08-27,315516163,2021,239,30300308717
2021-08-28,6325216,2021,240,30306633933
2021-08-29,1757738,2021,241,30308391671
2021-08-30,303247130,2021,242,30611638801
2021-08-31,286071172,2021,243,30897709973
2021-09-01,317380607,2021,244,31215090580
2021-09-02,179592391,2021,245,31394682971
2021-09-03,133524235,2021,246,31528207206
2021-09-04,4797634,2021,247,31533004840
2021-09-05,1560507,2021,248,31534565347
2021-09-06,68707098,2021,249,31603272445
2021-09-07,100037794,2021,250,31703310239
2021-09-08,153175851,2021,251,31856486090
2021-09-09,299255782,2021,252,32155741872
2021-09-10,191573203,2021,253,32347315075
2021-09-11,7235373,2021,254,32354550448
2021-09-12,7768721,2021,255,32362319169
2021-09-13,180528841,2021,256,32542848010
2021-09-14,194609895,2021,257,32737457905
2021-09-15,196647621,2021,258,32934105526
2021-09-16,305043865,2021,259,33239149391
2021-09-17,373969748,2021,260,33613119139
2021-09-18,30618770,2021,261,33643737909
2021-09-19,9037561,2021,262,33652775470
2021-09-20,303464212,2021,263,33956239682
2021-09-21,306364443,2021,264,34262604125
2021-09-22,348400309,2021,265,34611004434
2021-09-23,288472487,2021,266,34899476921
2021-09-24,280985419,2021,267,35180462340
2021-09-25,14881611,2021,268,35195343951
2021-09-26,1281477,2021,269,35196625428
2021-09-27,43835654,2021,270,35240461082
2021-09-28,2628894,2021,271,35243089976
2021-09-29,447524,2021,272,35243537500
2021-10-07,0,2021,280,35243537500
2021-10-08,0,2021,281,35243537500
2021-10-12,0,2021,285,35243537500
2021-10-13,4246119,2021,286,35247783619
2021-10-14,1513708,2021,287,35249297327
2021-10-15,9565036,2021,288,35258862363
2021-10-18,3051942,2021,291,35261914305
2021-10-19,6302382,2021,292,35268216687
2021-10-20,3308751,2021,293,35271525438
2021-10-21,5422803,2021,294,35276948241
2021-10-22,11131826,2021,295,35288080067
2021-10-25,12533559,2021,298,35300613626
2021-10-26,10783412,2021,299,35311397038
2021-10-27,13924117,2021,300,35325321155
2021-10-28,15361104,2021,301,35340682259
2021-10-29,11241500,2021,302,35351923759
2021-10-30,1559010,2021,303,35353482769
2021-10-31,298922,2021,304,35353781691
2021-11-01,15530017,2021,305,35369311708
2021-11-02,10757538,2021,306,35380069246
2021-11-03,9108579,2021,307,35389177825
2021-11-04,33450135,2021,308,35422627960
2021-11-05,41871331,2021,309,35464499291
2021-11-06,1945503,2021,310,35466444794
2021-11-08,25879787,2021,312,35492324581
2021-11-09,29573486,2021,313,35521898067
2021-11-10,32770926,2021,314,35554668993
2021-11-11,21544394,2021,315,35576213387
2021-11-12,28707324,2021,316,35604920711
2021-11-13,1970768,2021,317,35606891479
2021-11-14,662723,2021,318,35607554202
2021-11-15,34755729,2021,319,35642309931
2021-11-16,48784757,2021,320,35691094688
2021-11-17,50575511,2021,321,35741670199
2021-11-18,55785474,2021,322,35797455673
2021-11-19,75339387,2021,323,35872795060
2021-11-20,2370710,2021,324,35875165770
2021-11-21,327774,2021,325,35875493544
2021-11-22,63923739,2021,326,35939417283
2021-11-23,86727209,2021,327,36026144492
2021-11-24,109596333,2021,328,36135740825
2021-11-25,20140928,2021,329,36155881753
2021-11-26,49148366,2021,330,36205030119
2021-11-27,1021924,2021,331,36206052043
2021-11-29,43280855,2021,333,36249332898
2021-11-30,95689661,2021,334,36345022559
2021-12-01,94446212,2021,335,36439468771
2021-12-02,63934894,2021,336,36503403665
2021-12-03,111241220,2021,337,36614644885
2021-12-04,6348754,2021,338,36620993639
2021-12-05,700147,2021,339,36621693786
2021-12-06,55922863,2021,340,36677616649
2021-12-07,47590871,2021,341,36725207520
2021-12-08,82583690,2021,342,36807791210
2021-12-09,64196874,2021,343,36871988084
2021-12-10,74280463,2021,344,36946268547
2021-12-11,5956853,2021,345,36952225400
2021-12-13,92885925,2021,347,37045111325
2021-12-14,74047032,2021,348,37119158357
2021-12-15,90983741,2021,349,37210142098
2021-12-16,77619072,2021,350,37287761170
2021-12-17,69715523,2021,351,37357476693
2021-12-18,2611151,2021,352,37360087844
2021-12-19,1053933,2021,353,37361141777
2021-12-20,97023695,2021,354,37458165472
2021-12-21,76327928,2021,355,37534493400
2021-12-22,102301168,2021,356,37636794568
2021-12-23,88546757,2021,357,37725341325
2021-12-24,44515807,2021,358,37769857132
2021-12-25,5301621,2021,359,37775158753
2021-12-26,2522038,2021,360,37777680791
2021-12-27,39806314,2021,361,37817487105
2021-12-28,27337600,2021,362,37844824705
2021-12-29,48378039,2021,363,37893202744
2021-12-30,70398409,2021,364,37963601153
2021-12-31,68191547,2021,365,38031792700
2022-01-01,4349241,2022,1,4349241
2022-01-02,96586,2022,2,4445827
2022-01-03,8021616,2022,3,12467443
2022-01-04,33595471,2022,4,46062914
2022-01-05,48198097,2022,5,94261011
2022-01-06,63612204,2022,6,157873215
2022-01-07,97253254,2022,7,255126469
2022-01-08,4177939,2022,8,259304408
2022-01-09,2487441,2022,9,261791849
2022-01-10,64913991,2022,10,326705840
2022-01-11,49488798,2022,11,376194638
2022-01-12,88017613,2022,12,464212251
2022-01-13,105316560,2022,13,569528811
2022-01-14,93875623,2022,14,663404434
2022-01-15,8791128,2022,15,672195562
2022-01-16,3082823,2022,16,675278385
2022-01-17,44977880,2022,17,720256265
2022-01-18,52225255,2022,18,772481520
2022-01-19,83565053,2022,19,856046573
2022-01-20,105316631,2022,20,961363204
2022-01-21,73547738,2022,21,1034910942
2022-01-22,1814976,2022,22,1036725918
2022-01-23,3889780,2022,23,1040615698
2022-01-24,98210453,2022,24,1138826151
2022-01-25,109867878,2022,25,1248694029
2022-01-26,72119356,2022,26,1320813385
2022-01-27,93206712,2022,27,1414020097
2022-01-28,100757227,2022,28,1514777324
2022-01-29,14706548,2022,29,1529483872
2022-01-30,14331930,2022,30,1543815802
2022-01-31,157548599,2022,31,1701364401
2022-02-01,182243729,2022,32,1883608130
2022-02-02,90602053,2022,33,1974210183
2022-02-03,79248090,2022,34,2053458273
2022-02-04,94795179,2022,35,2148253452
2022-02-05,5964532,2022,36,2154217984
2022-02-06,705886,2022,37,2154923870
2022-02-07,105475621,2022,38,2260399491
2022-02-08,79470780,2022,39,2339870271
2022-02-09,107006651,2022,40,2446876922
2022-02-10,100397571,2022,41,2547274493
2022-02-11,105111157,2022,42,2652385650
2022-02-12,782114,2022,43,2653167764
2022-02-13,668891,2022,44,2653836655
2022-02-14,116930851,2022,45,2770767506
2022-02-15,149925510,2022,46,2920693016
2022-02-16,109463249,2022,47,3030156265
2022-02-17,112980317,2022,48,3143136582
2022-02-18,133473097,2022,49,3276609679
2022-02-19,6236080,2022,50,3282845759
2022-02-20,3895459,2022,51,3286741218
2022-02-21,48440737,2022,52,3335181955
2022-02-22,66945912,2022,53,3402127867
2022-02-23,94165993,2022,54,3496293860
2022-02-24,130773328,2022,55,3627067188
2022-02-25,167098274,2022,56,3794165462
2022-02-26,3097922,2022,57,3797263384
2022-02-27,1364440,2022,58,3798627824
2022-02-28,153733299,2022,59,3952361123
2022-03-01,237746162,2022,60,4190107285
2022-03-02,87409557,2022,61,4277516842
2022-03-03,117964305,2022,62,4395481147
2022-03-04,87467898,2022,63,4482949045
2022-03-05,7263162,2022,64,4490212207
2022-03-06,5746876,2022,65,4495959083
2022-03-07,98018637,2022,66,4593977720
2022-03-08,136830207,2022,67,4730807927
2022-03-09,106977141,2022,68,4837785068
2022-03-10,110614159,2022,69,4948399227
2022-03-11,97396654,2022,70,5045795881
2022-03-12,3985755,2022,71,5049781636
2022-03-13,126175,2022,72,5049907811
2022-03-14,118891864,2022,73,5168799675
2022-03-15,125480484,2022,74,5294280159
2022-03-16,93836419,2022,75,5388116578
2022-03-17,120818494,2022,76,5508935072
2022-03-18,138153585,2022,77,5647088657
2022-03-19,1617327,2022,78,5648705984
2022-03-20,2084965,2022,79,5650790949
2022-03-21,131773381,2022,80,5782564330
2022-03-22,112414473,2022,81,5894978803
2022-03-23,107333201,2022,82,6002312004
2022-03-24,134299489,2022,83,6136611493
2022-03-25,135742097,2022,84,6272353590
2022-03-26,6445791,2022,85,6278799381
2022-03-27,1478625,2022,86,6280278006
2022-03-28,122740086,2022,87,6403018092
2022-03-29,145903331,2022,88,6548921423
2022-03-30,135177644,2022,89,6684099067
2022-03-31,205671518,2022,90,6889770585
2022-04-01,179079608,2022,91,7068850193
2022-04-02,11996988,2022,92,7080847181
2022-04-03,1816273,2022,93,7082663454
2022-04-04,120249491,2022,94,7202912945
2022-04-05,107934279,2022,95,7310847224
2022-04-06,136152097,2022,96,7446999321
2022-04-07,217718857,2022,97,7664718178
2022-04-08,135359599,2022,98,7800077777
2022-04-09,1309523,2022,99,7801387300
2022-04-10,2693999,2022,100,7804081299
2022-04-11,127951661,2022,101,7932032960
2022-04-12,121479554,2022,102,8053512514
2022-04-13,129642159,2022,103,8183154673
2022-04-14,115300923,2022,104,8298455596
2022-04-15,135773238,2022,105,8434228834
2022-04-16,12049871,2022,106,8446278705
2022-04-17,4825382,2022,107,8451104087
2022-04-18,127047137,2022,108,8578151224
2022-04-19,160361589,2022,109,8738512813
2022-04-20,190144818,2022,110,8928657631
2022-04-21,136300632,2022,111,9064958263
2022-04-22,244340982,2022,112,9309299245
2022-04-23,18488718,2022,113,9327787963
2022-04-24,1869327,2022,114,9329657290
2022-04-25,155519189,2022,115,9485176479
2022-04-26,162382040,2022,116,9647558519
2022-04-27,226170460,2022,117,9873728979
2022-04-28,237671567,2022,118,10111400546
2022-04-29,310638288,2022,119,10422038834
2022-04-30,30263732,2022,120,10452302566
2022-05-01,16166466,2022,121,10468469032
2022-05-02,144948512,2022,122,10613417544
2022-05-03,163359226,2022,123,10776776770
2022-05-04,151609362,2022,124,10928386132
2022-05-05,187570193,2022,125,11115956325
2022-05-06,150486920,2022,126,11266443245
2022-05-07,8041042,2022,127,11274484287
2022-05-08,7208475,2022,128,11281692762
2022-05-09,119080272,2022,129,11400773034
2022-05-10,132572832,2022,130,11533345866
2022-05-11,194174598,2022,131,11727520464
2022-05-12,350362553,2022,132,12077883017
2022-05-13,168574088,2022,133,12246457105
2022-05-14,7522512,2022,134,12253979617
2022-05-15,16480712,2022,135,12270460329
2022-05-16,1295001483,2022,136,13565461812
2022-05-17,177990490,2022,137,13743452302
2022-05-18,201107970,2022,138,13944560272
2022-05-19,169893868,2022,139,14114454140
2022-05-20,206929953,2022,140,14321384093
2022-05-21,14575918,2022,141,14335960011
2022-05-22,3992650,2022,142,14339952661
2022-05-23,157191499,2022,143,14497144160
2022-05-24,152325342,2022,144,14649469502
2022-05-25,208068590,2022,145,14857538092
2022-05-26,264537202,2022,146,15122075294
2022-05-27,343341353,2022,147,15465416647
2022-05-28,10959829,2022,148,15476376476
2022-05-29,3181682,2022,149,15479558158
2022-05-30,49198027,2022,150,15528756185
2022-05-31,265603670,2022,151,15794359855
2022-06-01,239048362,2022,152,16033408217
2022-06-02,157178780,2022,153,16190586997
2022-06-03,262483206,2022,154,16453070203
2022-06-04,9634627,2022,155,16462704830
2022-06-05,4923688,2022,156,16467628518
2022-06-06,209303827,2022,157,16676932345
2022-06-07,176709757,2022,158,16853642102
2022-06-08,153660612,2022,159,17007302714
2022-06-09,226196765,2022,160,17233499479
2022-06-10,275942573,2022,161,17509442052
2022-06-11,26743198,2022,162,17536185250
2022-06-12,7515667,2022,163,17543700917
2022-06-13,182060656,2022,164,17725761573
2022-06-14,195207715,2022,165,17920969288
2022-06-15,250375020,2022,166,18171344308
2022-06-16,230803043,2022,167,18402147351
2022-06-17,259695592,2022,168,18661842943
2022-06-18,22197699,2022,169,18684040642
2022-06-19,10948782,2022,170,18694989424
2022-06-20,119102758,2022,171,18814092182
2022-06-21,153706989,2022,172,18967799171
2022-06-22,209242427,2022,173,19177041598
2022-06-23,258044140,2022,174,19435085738
2022-06-24,234705493,2022,175,19669791231
2022-06-25,10077116,2022,176,19679868347
2022-06-26,7352280,2022,177,19687220627
2022-06-27,244082353,2022,178,19931302980
2022-06-28,238145887,2022,179,20169448867
2022-06-29,322949792,2022,180,20492398659
2022-06-30,318974901,2022,181,20811373560
2022-07-01,304155983,2022,182,21115529543
2022-07-02,32206589,2022,183,21147736132
2022-07-03,7917080,2022,184,21155653212
2022-07-04,59655820,2022,185,21215309032
2022-07-05,133238957,2022,186,21348547989
2022-07-06,118028038,2022,187,21466576027
2022-07-07,266503251,2022,188,21733079278
2022-07-08,256320153,2022,189,21989399431
2022-07-09,7396059,2022,190,21996795490
2022-07-10,5128477,2022,191,22001923967
2022-07-11,160312050,2022,192,22162236017
2022-07-12,235840969,2022,193,22398076986
2022-07-13,219670558,2022,194,22617747544
2022-07-14,197948290,2022,195,22815695834
2022-07-15,279823015,2022,196,23095518849
2022-07-16,7426283,2022,197,23102945132
2022-07-17,8786797,2022,198,23111731929
2022-07-18,260922339,2022,199,23372654268
2022-07-19,240737189,2022,200,23613391457
2022-07-20,208764039,2022,201,23822155496
2022-07-21,210233430,2022,202,24032388926
2022-07-22,301902574,2022,203,24334291500
2022-07-23,15004536,2022,204,24349296036
2022-07-24,17667456,2022,205,24366963492
2022-07-25,204106202,2022,206,24571069694
2022-07-26,213761202,2022,207,24784830896
2022-07-27,204359318,2022,208,24989190214
2022-07-28,286597605,2022,209,25275787819
2022-07-29,421903414,2022,210,25697691233
2022-07-30,38521283,2022,211,25736212516
2022-07-31,30170028,2022,212,25766382544
2022-08-01,393857907,2022,213,26160240451
2022-08-02,342318943,2022,214,26502559394
2022-08-03,168504866,2022,215,26671064260
2022-08-04,229128253,2022,216,26900192513
2022-08-05,302562083,2022,217,27202754596
2022-08-06,16438651,2022,218,27219193247
2022-08-07,6601504,2022,219,27225794751
2022-08-08,217257421,2022,220,27443052172
2022-08-09,192492435,2022,221,27635544607
2022-08-10,220209674,2022,222,27855754281
2022-08-11,220261023,2022,223,28076015304
2022-08-12,295138694,2022,224,28371153998
2022-08-13,17094104,2022,225,28388248102
2022-08-14,32237540,2022,226,28420485642
2022-08-15,305713893,2022,227,28726199535
2022-08-16,262591828,2022,228,28988791363
2022-08-17,323244411,2022,229,29312035774
2022-08-18,385760300,2022,230,29697796074
2022-08-19,470296336,2022,231,30168092410
2022-08-20,40679630,2022,232,30208772040
2022-08-21,7384553,2022,233,30216156593
2022-08-22,281099821,2022,234,30497256414
2022-08-23,291499687,2022,235,30788756101
2022-08-24,360489649,2022,236,31149245750
2022-08-25,306417652,2022,237,31455663402
2022-08-26,312453647,2022,238,31768117049
2022-08-27,9940809,2022,239,31778057858
2022-08-28,5452602,2022,240,31783510460
2022-08-29,300056075,2022,241,32083566535
2022-08-30,271293259,2022,242,32354859794
2022-08-31,445350869,2022,243,32800210663
2022-09-01,438749888,2022,244,33238960551
2022-09-02,279489348,2022,245,33518449899
2022-09-03,32465059,2022,246,33550914958
2022-09-04,1654262,2022,247,33552569220
2022-09-05,129663043,2022,248,33682232263
2022-09-06,192541530,2022,249,33874773793
2022-09-07,217455864,2022,250,34092229657
2022-09-08,257941515,2022,251,34350171172
2022-09-09,257498090,2022,252,34607669262
2022-09-10,23291012,2022,253,34630960274
2022-09-11,1457608,2022,254,34632417882
2022-09-12,173378753,2022,255,34805796635
2022-09-13,198862900,2022,256,35004659535
2022-09-14,255587630,2022,257,35260247165
2022-09-15,264096247,2022,258,35524343412
2022-09-16,300044175,2022,259,35824387587
2022-09-17,3642100,2022,260,35828029687
2022-09-18,8314212,2022,261,35836343899
2022-09-19,388468705,2022,262,36224812604
2022-09-20,367734090,2022,263,36592546694
2022-09-21,348151375,2022,264,36940698069
2022-09-22,331562772,2022,265,37272260841
2022-09-23,154931638,2022,266,37427192479
2022-09-24,15207022,2022,267,37442399501
2022-09-25,7278792,2022,268,37449678293
2022-09-26,76693645,2022,269,37526371938
2022-09-27,56778712,2022,270,37583150650
2022-09-28,30886240,2022,271,37614036890
2022-09-29,1275162,2022,272,37615312052
2022-10-03,0,2022,276,37615312052
2022-10-05,217888,2022,278,37615529940
2022-10-06,0,2022,279,37615529940
2022-10-07,0,2022,280,37615529940
2022-10-10,0,2022,283,37615529940
2022-10-12,2500,2022,285,37615532440
2022-10-13,355039,2022,286,37615887479
2022-10-14,2300389,2022,287,37618187868
2022-10-17,1785713,2022,290,37619973581
2022-10-18,7190429,2022,291,37627164010
2022-10-19,2536076,2022,292,37629700086
2022-10-20,3140028,2022,293,37632840114
2022-10-21,5843064,2022,294,37638683178
2022-10-23,41691,2022,296,37638724869
2022-10-24,7050558,2022,297,37645775427
2022-10-25,3948907,2022,298,37649724334
2022-10-26,2459579,2022,299,37652183913
2022-10-27,3398292,2022,300,37655582205
2022-10-28,12768992,2022,301,37668351197
2022-10-29,1104855,2022,302,37669456052
2022-10-31,17144242,2022,304,37686600294
2022-11-01,67582783,2022,305,37754183077
2022-11-02,20513971,2022,306,37774697048
2022-11-03,13569103,2022,307,37788266151
2022-11-04,21049090,2022,308,37809315241
2022-11-05,445014,2022,309,37809760255
2022-11-06,2173887,2022,310,37811934142
2022-11-07,18523912,2022,311,37830458054
2022-11-08,26300141,2022,312,37856758195
2022-11-09,41771326,2022,313,37898529521
2022-11-10,50938639,2022,314,37949468160
2022-11-11,19437294,2022,315,37968905454
2022-11-12,1613561,2022,316,37970519015
2022-11-14,22456180,2022,318,37992975195
2022-11-15,46984133,2022,319,38039959328
2022-11-16,64462498,2022,320,38104421826
2022-11-17,35779637,2022,321,38140201463
2022-11-18,48789446,2022,322,38188990909
2022-11-19,4660709,2022,323,38193651618
2022-11-21,121794426,2022,325,38315446044
2022-11-22,62019629,2022,326,38377465673
2022-11-23,80779644,2022,327,38458245317
2022-11-24,16582481,2022,328,38474827798
2022-11-25,59199239,2022,329,38534027037
2022-11-26,2932232,2022,330,38536959269
2022-11-27,3017451,2022,331,38539976720
2022-11-28,39806920,2022,332,38579783640
2022-11-29,62622278,2022,333,38642405918
2022-11-30,85077708,2022,334,38727483626
2022-12-01,110302078,2022,335,38837785704
2022-12-02,69776394,2022,336,38907562098
2022-12-03,14341973,2022,337,38921904071
2022-12-04,1615058,2022,338,38923519129
2022-12-05,48150937,2022,339,38971670066
2022-12-06,40245541,2022,340,39011915607
2022-12-07,81259176,2022,341,39093174783
2022-12-08,83766400,2022,342,39176941183
2022-12-09,78819101,2022,343,39255760284
2022-12-10,53153556,2022,344,39308913840
2022-12-11,2523367,2022,345,39311437207
2022-12-12,67032677,2022,346,39378469884
2022-12-13,47830147,2022,347,39426300031
2022-12-14,59016631,2022,348,39485316662
2022-12-15,116854011,2022,349,39602170673
2022-12-16,85407505,2022,350,39687578178
2022-12-17,2793593,2022,351,39690371771
2022-12-18,1359191,2022,352,39691730962
2022-12-19,67454070,2022,353,39759185032
2022-12-20,68641826,2022,354,39827826858
2022-12-21,91243609,2022,355,39919070467
2022-12-22,85251395,2022,356,40004321862
2022-12-23,97263709,2022,357,40101585571
2022-12-24,666142,2022,358,40102251713
2022-12-25,5119784,2022,359,40107371497
2022-12-26,28194729,2022,360,40135566226
2022-12-27,29399294,2022,361,40164965520
2022-12-28,53217967,2022,362,40218183487
2022-12-29,39479554,2022,363,40257663041
2022-12-30,61696313,2022,364,40319359354
2022-12-31,11609728,2022,365,40330969082
2023-01-01,1659163,2023,1,1659163
2023-01-02,9161834,2023,2,10820997
2023-01-03,13709930,2023,3,24530927
2023-01-04,108473022,2023,4,133003949
2023-01-05,83387107,2023,5,216391056
2023-01-06,73322587,2023,6,289713643
2023-01-07,5533365,2023,7,295247008
2023-01-08,1465294,2023,8,296712302
2023-01-09,75466782,2023,9,372179084
2023-01-10,71433401,2023,10,443612485
2023-01-11,63006434,2023,11,506618919
2023-01-12,81350180,2023,12,587969099
2023-01-13,85014773,2023,13,672983872
2023-01-14,11179409,2023,14,684163281
2023-01-15,2787144,2023,15,686950425
2023-01-16,34830921,2023,16,721781346
2023-01-17,44337470,2023,17,766118816
2023-01-18,144880554,2023,18,910999370
2023-01-19,99294840,2023,19,1010294210
2023-01-20,112071161,2023,20,1122365371
2023-01-21,3448622,2023,21,1125813993
2023-01-22,3566624,2023,22,1129380617
2023-01-23,88456199,2023,23,1217836816
2023-01-24,148217680,2023,24,1366054496
2023-01-25,129403206,2023,25,1495457702
2023-01-26,141936129,2023,26,1637393831
2023-01-27,125042110,2023,27,1762435941
2023-01-28,18401401,2023,28,1780837342
2023-01-29,1084199,2023,29,1781921541
2023-01-30,153900383,2023,30,1935821924
2023-01-31,193666812,2023,31,2129488736
2023-02-01,177100377,2023,32,2306589113
2023-02-02,81984947,2023,33,2388574060
2023-02-03,134923849,2023,34,2523497909
2023-02-04,15117337,2023,35,2538615246
2023-02-05,874779,2023,36,2539490025
2023-02-06,93068317,2023,37,2632558342
2023-02-07,73278620,2023,38,2705836962
2023-02-08,71703616,2023,39,2777540578
2023-02-09,96706710,2023,40,2874247288
2023-02-10,93393582,2023,41,2967640870
2023-02-11,5218622,2023,42,2972859492
2023-02-12,397500,2023,43,2973256992
2023-02-13,73008688,2023,44,3046265680
2023-02-14,77766673,2023,45,3124032353
2023-02-15,124294586,2023,46,3248326939
2023-02-16,109805377,2023,47,3358132316
2023-02-17,123628840,2023,48,3481761156
2023-02-18,18413915,2023,49,3500175071
2023-02-19,2733249,2023,50,3502908320
2023-02-20,48926238,2023,51,3551834558
2023-02-21,73704049,2023,52,3625538607
2023-02-22,531634312,2023,53,4157172919
2023-02-23,137245180,2023,54,4294418099
2023-02-24,164617612,2023,55,4459035711
2023-02-25,10747703,2023,56,4469783414
2023-02-26,10476921,2023,57,4480260335
2023-02-27,130456004,2023,58,4610716339
2023-02-28,278782312,2023,59,4889498651
2023-03-01,193118673,2023,60,5082617324
2023-03-02,110577645,2023,61,5193194969
2023-03-03,131002229,2023,62,5324197198
2023-03-04,5077107,2023,63,5329274305
2023-03-05,9395596,2023,64,5338669901
2023-03-06,115733249,2023,65,5454403150
2023-03-07,78943199,2023,66,5533346349
2023-03-08,134955644,2023,67,5668301993
2023-03-09,88075926,2023,68,5756377919
2023-03-10,146155727,2023,69,5902533646
2023-03-11,20006320,2023,70,5922539966
2023-03-13,133116145,2023,72,6055656111
2023-03-14,198875458,2023,73,6254531569
2023-03-15,162326823,2023,74,6416858392
2023-03-16,145458155,2023,75,6562316547
2023-03-17,134331069,2023,76,6696647616
2023-03-18,9561328,2023,77,6706208944
2023-03-19,496752,2023,78,6706705696
2023-03-20,163516479,2023,79,6870222175
2023-03-21,154203717,2023,80,7024425892
2023-03-22,127109156,2023,81,7151535048
2023-03-23,190263662,2023,82,7341798710
2023-03-24,193329862,2023,83,7535128572
2023-03-25,19308071,2023,84,7554436643
2023-03-26,907547,2023,85,7555344190
2023-03-27,141962276,2023,86,7697306466
2023-03-28,207541980,2023,87,7904848446
2023-03-29,190255752,2023,88,8095104198
2023-03-30,249562698,2023,89,8344666896
2023-03-31,251207846,2023,90,8595874742
2023-04-01,35022754,2023,91,8630897496
2023-04-02,705360,2023,92,8631602856
2023-04-03,107887710,2023,93,8739490566
2023-04-04,111273857,2023,94,8850764423
2023-04-05,154414502,2023,95,9005178925
2023-04-06,107244067,2023,96,9112422992
2023-04-07,141467111,2023,97,9253890103
2023-04-08,2670641,2023,98,9256560744
2023-04-09,4370024,2023,99,9260930768
2023-04-10,106630457,2023,100,9367561225
2023-04-11,107950160,2023,101,9475511385
2023-04-12,153923125,2023,102,9629434510
2023-04-13,96682315,2023,103,9726116825
2023-04-14,151122102,2023,104,9877238927
2023-04-15,6256202,2023,105,9883495129
2023-04-16,2260963,2023,106,9885756092
2023-04-17,140870947,2023,107,10026627039
2023-04-18,112054144,2023,108,10138681183
2023-04-19,171422556,2023,109,10310103739
2023-04-20,178439881,2023,110,10488543620
2023-04-21,145107571,2023,111,10633651191
2023-04-22,8383620,2023,112,10642034811
2023-04-23,588672,2023,113,10642623483
2023-04-24,174217244,2023,114,10816840727
2023-04-25,178350952,2023,115,10995191679
2023-04-26,180928796,2023,116,11176120475
2023-04-27,215282694,2023,117,11391403169
2023-04-28,245228497,2023,118,11636631666
2023-04-29,5383217,2023,119,11642014883
2023-04-30,21725457,2023,120,11663740340
2023-05-01,232625406,2023,121,11896365746
2023-05-02,190878588,2023,122,12087244334
2023-05-03,247445045,2023,123,12334689379
2023-05-04,142374724,2023,124,12477064103
2023-05-05,205573627,2023,125,12682637730
2023-05-06,8552362,2023,126,12691190092
2023-05-07,2615696,2023,127,12693805788
2023-05-08,148505512,2023,128,12842311300
2023-05-09,171548327,2023,129,13013859627
2023-05-10,191877929,2023,130,13205737556
2023-05-11,158246542,2023,131,13363984098
2023-05-12,191266077,2023,132,13555250175
2023-05-13,8663853,2023,133,13563914028
2023-05-14,2171491,2023,134,13566085519
2023-05-15,196635916,2023,135,13762721435
2023-05-16,252952057,2023,136,14015673492
2023-05-17,168318777,2023,137,14183992269
2023-05-18,256607979,2023,138,14440600248
2023-05-19,233714550,2023,139,14674314798
2023-05-20,14908196,2023,140,14689222994
2023-05-21,24884730,2023,141,14714107724
2023-05-22,180786732,2023,142,14894894456
2023-05-23,240385946,2023,143,15135280402
2023-05-24,155198670,2023,144,15290479072
2023-05-25,268380895,2023,145,15558859967
2023-05-26,283566508,2023,146,15842426475
2023-05-27,27412769,2023,147,15869839244
2023-05-28,569206,2023,148,15870408450
2023-05-29,67285521,2023,149,15937693971
2023-05-30,264244203,2023,150,16201938174
2023-05-31,307622505,2023,151,16509560679
2023-06-01,229038385,2023,152,16738599064
2023-06-02,219553520,2023,153,16958152584
2023-06-03,19371143,2023,154,16977523727
2023-06-04,3036236,2023,155,16980559963
2023-06-05,162642952,2023,156,17143202915
2023-06-06,141950945,2023,157,17285153860
2023-06-07,174580919,2023,158,17459734779
2023-06-08,225502275,2023,159,17685237054
2023-06-09,206574165,2023,160,17891811219
2023-06-10,16258672,2023,161,17908069891
2023-06-12,183734035,2023,163,18091803926
2023-06-13,185285040,2023,164,18277088966
2023-06-14,203229901,2023,165,18480318867
2023-06-15,225718731,2023,166,18706037598
2023-06-16,247061608,2023,167,18953099206
2023-06-17,15081263,2023,168,18968180469
2023-06-18,303000,2023,169,18968483469
2023-06-19,62232595,2023,170,19030716064
2023-06-20,167612635,2023,171,19198328699
2023-06-21,236793596,2023,172,19435122295
2023-06-22,235606331,2023,173,19670728626
2023-06-23,245311687,2023,174,19916040313
2023-06-24,10724200,2023,175,19926764513
2023-06-25,1591883,2023,176,19928356396
2023-06-26,271031618,2023,177,20199388014
2023-06-27,198105859,2023,178,20397493873
2023-06-28,234320533,2023,179,20631814406
2023-06-29,309631710,2023,180,20941446116
2023-06-30,491178733,2023,181,21432624849
2023-07-01,110185707,2023,182,21542810556
2023-07-02,1815491,2023,183,21544626047
2023-07-03,220254923,2023,184,21764880970
2023-07-04,49875278,2023,185,21814756248
2023-07-05,124821376,2023,186,21939577624
2023-07-06,191332402,2023,187,22130910026
2023-07-07,290478966,2023,188,22421388992
2023-07-08,22775629,2023,189,22444164621
2023-07-09,884100,2023,190,22445048721
2023-07-10,201192056,2023,191,22646240777
2023-07-11,227367066,2023,192,22873607843
2023-07-12,245309632,2023,193,23118917475
2023-07-13,160372834,2023,194,23279290309
2023-07-14,190458648,2023,195,23469748957
2023-07-15,9574345,2023,196,23479323302
2023-07-16,133110,2023,197,23479456412
2023-07-17,218306485,2023,198,23697762897
2023-07-18,232979518,2023,199,23930742415
2023-07-19,244793142,2023,200,24175535557
2023-07-20,311757195,2023,201,24487292752
2023-07-21,234933366,2023,202,24722226118
2023-07-22,13732585,2023,203,24735958703
2023-07-23,2319707,2023,204,24738278410
2023-07-24,245976471,2023,205,24984254881
2023-07-25,263075670,2023,206,25247330551
2023-07-26,314529484,2023,207,25561860035
2023-07-27,246588898,2023,208,25808448933
2023-07-28,257020818,2023,209,26065469751
2023-07-29,57411742,2023,210,26122881493
2023-07-30,2224407,2023,211,26125105900
2023-07-31,296239065,2023,212,26421344965
2023-08-01,425015898,2023,213,26846360863
2023-08-02,291067565,2023,214,27137428428
2023-08-03,246030336,2023,215,27383458764
2023-08-04,263331141,2023,216,27646789905
2023-08-05,44637703,2023,217,27691427608
2023-08-06,302577,2023,218,27691730185
2023-08-07,245733765,2023,219,27937463950
2023-08-08,251969030,2023,220,28189432980
2023-08-09,268676887,2023,221,28458109867
2023-08-10,311711605,2023,222,28769821472
2023-08-11,360982586,2023,223,29130804058
2023-08-12,10165271,2023,224,29140969329
2023-08-13,1048330,2023,225,29142017659
2023-08-14,285919665,2023,226,29427937324
2023-08-15,341233817,2023,227,29769171141
2023-08-16,407028236,2023,228,30176199377
2023-08-17,309180961,2023,229,30485380338
2023-08-18,397619591,2023,230,30882999929
2023-08-19,23869046,2023,231,30906868975
2023-08-20,2251594,2023,232,30909120569
2023-08-21,328356150,2023,233,31237476719
2023-08-22,307180499,2023,234,31544657218
2023-08-23,391853043,2023,235,31936510261
2023-08-24,275593191,2023,236,32212103452
2023-08-25,327654339,2023,237,32539757791
2023-08-26,13798262,2023,238,32553556053
2023-08-27,900576,2023,239,32554456629
2023-08-28,272541562,2023,240,32826998191
2023-08-29,221402651,2023,241,33048400842
2023-08-30,399869975,2023,242,33448270817
2023-08-31,344066424,2023,243,33792337241
2023-09-01,328185197,2023,244,34120522438
2023-09-02,19530968,2023,245,34140053406
2023-09-03,1778137,2023,246,34141831543
2023-09-04,97887669,2023,247,34239719212
2023-09-05,141132745,2023,248,34380851957
2023-09-06,236122357,2023,249,34616974314
2023-09-07,263679854,2023,250,34880654168
2023-09-08,345019056,2023,251,35225673224
2023-09-09,10622728,2023,252,35236295952
2023-09-10,1987277,2023,253,35238283229
2023-09-11,252489800,2023,254,35490773029
2023-09-12,189432032,2023,255,35680205061
2023-09-13,124711026,2023,256,35804916087
2023-09-14,283700916,2023,257,36088617003
2023-09-15,304410151,2023,258,36393027154
2023-09-16,6575861,2023,259,36399603015
2023-09-17,1492469,2023,260,36401095484
2023-09-18,267855925,2023,261,36668951409
2023-09-19,363313758,2023,262,37032265167
2023-09-20,313692112,2023,263,37345957279
2023-09-21,298839977,2023,264,37644797256
2023-09-22,404184270,2023,265,38048981526
2023-09-23,19485972,2023,266,38068467498
2023-09-24,27118860,2023,267,38095586358
2023-09-25,89606289,2023,268,38185192647
2023-09-26,57587100,2023,269,38242779747
2023-09-27,19813212,2023,270,38262592959
2023-09-28,1847907,2023,271,38264440866
2023-09-29,18887643,2023,272,38283328509
2023-10-02,713873,2023,275,38284042382
2023-10-03,0,2023,276,38284042382
2023-10-04,1508472,2023,277,38285550854
2023-10-05,0,2023,278,38285550854
2023-10-06,0,2023,279,38285550854
2023-10-10,0,2023,283,38285550854
2023-10-11,63828,2023,284,38285614682
2023-10-12,980312,2023,285,38286594994
2023-10-13,41290,2023,286,38286636284
2023-10-16,19795,2023,289,38286656079
2023-10-17,4684445,2023,290,38291340524
2023-10-18,9081540,2023,291,38300422064
2023-10-19,7663787,2023,292,38308085851
2023-10-20,5166342,2023,293,38313252193
2023-10-22,1226802,2023,295,38314478995
2023-10-23,14176862,2023,296,38328655857
2023-10-24,11809408,2023,297,38340465265
2023-10-25,17038742,2023,298,38357504007
2023-10-26,18109539,2023,299,38375613546
2023-10-27,18247226,2023,300,38393860772
2023-10-28,928794,2023,301,38394789566
2023-10-29,0,2023,302,38394789566
2023-10-30,19001700,2023,303,38413791266
2023-10-31,16879085,2023,304,38430670351
2023-11-01,27279556,2023,305,38457949907
2023-11-02,31014157,2023,306,38488964064
2023-11-03,32076710,2023,307,38521040774
2023-11-04,158519,2023,308,38521199293
2023-11-05,10466079,2023,309,38531665372
2023-11-06,38242365,2023,310,38569907737
2023-11-07,64425887,2023,311,38634333624
2023-11-08,81412534,2023,312,38715746158
2023-11-09,62524161,2023,313,38778270319
2023-11-10,72275185,2023,314,38850545504
2023-11-12,162641,2023,316,38850708145
2023-11-13,50531721,2023,317,38901239866
2023-11-14,100392755,2023,318,39001632621
2023-11-15,81340230,2023,319,39082972851
2023-11-16,87052226,2023,320,39170025077
2023-11-17,59315098,2023,321,39229340175
2023-11-18,814625,2023,322,39230154800
2023-11-20,44546402,2023,324,39274701202
2023-11-21,82244273,2023,325,39356945475
2023-11-22,82980807,2023,326,39439926282
2023-11-23,10449892,2023,327,39450376174
2023-11-24,31764169,2023,328,39482140343
2023-11-27,34008343,2023,331,39516148686
2023-11-28,51288161,2023,332,39567436847
2023-11-29,105043968,2023,333,39672480815
2023-11-30,84228646,2023,334,39756709461
2023-12-01,97970184,2023,335,39854679645
2023-12-02,2053492,2023,336,39856733137
2023-12-03,961846,2023,337,39857694983
2023-12-04,52786371,2023,338,39910481354
2023-12-05,52845264,2023,339,39963326618
2023-12-06,58893270,2023,340,40022219888
2023-12-07,75575604,2023,341,40097795492
2023-12-08,87894472,2023,342,40185689964
2023-12-09,7118287,2023,343,40192808251
2023-12-10,522486,2023,344,40193330737
2023-12-11,66502413,2023,345,40259833150
2023-12-12,74297936,2023,346,40334131086
2023-12-13,62159807,2023,347,40396290893
2023-12-14,90348433,2023,348,40486639326
2023-12-15,125728462,2023,349,40612367788
2023-12-16,2569351,2023,350,40614937139
2023-12-18,72885987,2023,352,40687823126
2023-12-19,47048949,2023,353,40734872075
2023-12-20,63303138,2023,354,40798175213
2023-12-21,62761266,2023,355,40860936479
2023-12-22,145134677,2023,356,41006071156
2023-12-23,1277584,2023,357,41007348740
2023-12-24,2052213,2023,358,41009400953
2023-12-25,16818691,2023,359,41026219644
2023-12-26,75429114,2023,360,41101648758
2023-12-27,91887072,2023,361,41193535830
2023-12-28,78873663,2023,362,41272409493
2023-12-29,101017214,2023,363,41373426707
2023-12-30,5875373,2023,364,41379302080
2023-12-31,211946,2023,365,41379514026
2024-01-01,29601536,2024,1,29601536
2024-01-02,345662976,2024,2,375264512
2024-01-03,54655971,2024,3,429920483
2024-01-04,67464309,2024,4,497384792
2024-01-05,77880297,2024,5,575265089
2024-01-06,4880510,2024,6,580145599
2024-01-07,38608,2024,7,580184207
2024-01-08,51006786,2024,8,631190993
2024-01-09,69484405,2024,9,700675398
2024-01-10,88658911,2024,10,789334309
2024-01-11,53024092,2024,11,842358401
2024-01-12,109892571,2024,12,952250972
2024-01-13,2816483,2024,13,955067455
2024-01-14,966503,2024,14,956033958
2024-01-15,45075621,2024,15,1001109579
2024-01-16,57835060,2024,16,1058944639
2024-01-17,106852501,2024,17,1165797140
2024-01-18,98352066,2024,18,1264149206
2024-01-19,95610244,2024,19,1359759450
2024-01-20,1631015,2024,20,1361390465
2024-01-21,2673885,2024,21,1364064350
2024-01-22,89345394,2024,22,1453409744
2024-01-23,107529412,2024,23,1560939156
2024-01-24,115442789,2024,24,1676381945
2024-01-25,128198971,2024,25,1804580916
2024-01-26,114154351,2024,26,1918735267
2024-01-27,998772,2024,27,1919734039
2024-01-28,4647712,2024,28,1924381751
2024-01-29,119991163,2024,29,2044372914
2024-01-30,106365494,2024,30,2150738408
2024-01-31,158108978,2024,31,2308847386
2024-02-01,137065063,2024,32,2445912449
2024-02-02,73660056,2024,33,2519572505
2024-02-03,4257434,2024,34,2523829939
2024-02-04,1123715,2024,35,2524953654
2024-02-05,83979692,2024,36,2608933346
2024-02-06,98073881,2024,37,2707007227
2024-02-07,84999661,2024,38,2792006888
2024-02-08,81274595,2024,39,2873281483
2024-02-09,78777459,2024,40,2952058942
2024-02-10,5445259,2024,41,2957504201
2024-02-11,3360099,2024,42,2960864300
2024-02-12,79943162,2024,43,3040807462
2024-02-13,83221132,2024,44,3124028594
2024-02-14,128453522,2024,45,3252482116
2024-02-15,103481532,2024,46,3355963648
2024-02-16,115167041,2024,47,3471130689
2024-02-17,1800550,2024,48,3472931239
2024-02-19,87117404,2024,50,3560048643
2024-02-20,56493208,2024,51,3616541851
2024-02-21,176416171,2024,52,3792958022
2024-02-22,114578906,2024,53,3907536928
2024-02-23,118980052,2024,54,4026516980
2024-02-24,4934000,2024,55,4031450980
2024-02-25,1087139,2024,56,4032538119
2024-02-26,109388753,2024,57,4141926872
2024-02-27,158996833,2024,58,4300923705
2024-02-28,103759089,2024,59,4404682794
2024-02-29,146474846,2024,60,4551157640
2024-03-01,137828384,2024,61,4688986024
2024-03-02,11398462,2024,62,4700384486
2024-03-03,4617236,2024,63,4705001722
2024-03-04,123401979,2024,64,4828403701
2024-03-05,146346383,2024,65,4974750084
2024-03-06,112252102,2024,66,5087002186
2024-03-07,112084950,2024,67,5199087136
2024-03-08,144897929,2024,68,5343985065
2024-03-09,1782208,2024,69,5345767273
2024-03-10,753163,2024,70,5346520436
2024-03-11,138122989,2024,71,5484643425
2024-03-12,136216153,2024,72,5620859578
2024-03-13,131805869,2024,73,5752665447
2024-03-14,138048915,2024,74,5890714362
2024-03-15,183816357,2024,75,6074530719
2024-03-16,4549565,2024,76,6079080284
2024-03-17,1032948,2024,77,6080113232
2024-03-18,105895539,2024,78,6186008771
2024-03-19,125690692,2024,79,6311699463
2024-03-20,137728190,2024,80,6449427653
2024-03-21,164966486,2024,81,6614394139
2024-03-22,156353383,2024,82,6770747522
2024-03-23,2053360,2024,83,6772800882
2024-03-24,4129181,2024,84,6776930063
2024-03-25,130297394,2024,85,6907227457
2024-03-26,98414839,2024,86,7005642296
2024-03-27,133316992,2024,87,7138959288
2024-03-28,141909893,2024,88,7280869181
2024-03-29,127041909,2024,89,7407911090
2024-03-30,29888039,2024,90,7437799129
2024-03-31,10380063,2024,91,7448179192
2024-04-01,144843588,2024,92,7593022780
2024-04-02,74976370,2024,93,7667999150
2024-04-03,88057603,2024,94,7756056753
2024-04-04,99903975,2024,95,7855960728
2024-04-05,87444252,2024,96,7943404980
2024-04-06,3263472,2024,97,7946668452
2024-04-07,343346,2024,98,7947011798
2024-04-08,84737511,2024,99,8031749309
2024-04-09,107551702,2024,100,8139301011
2024-04-10,115511348,2024,101,8254812359
2024-04-11,107443968,2024,102,8362256327
2024-04-12,132729921,2024,103,8494986248
2024-04-13,4222197,2024,104,8499208445
2024-04-14,129042,2024,105,8499337487
2024-04-15,144646962,2024,106,8643984449
2024-04-16,106205072,2024,107,8750189521
2024-04-17,141853945,2024,108,8892043466
2024-04-18,190885170,2024,109,9082928636
2024-04-19,145370716,2024,110,9228299352
2024-04-20,10185703,2024,111,9238485055
2024-04-21,2870608,2024,112,9241355663
2024-04-22,95886484,2024,113,9337242147
2024-04-23,208406053,2024,114,9545648200
2024-04-24,203828367,2024,115,9749476567
2024-04-25,190617567,2024,116,9940094134
2024-04-26,159348814,2024,117,10099442948
2024-04-27,7627679,2024,118,10107070627
2024-04-28,4000000,2024,119,10111070627
2024-04-29,164678318,2024,120,10275748945
2024-04-30,185330049,2024,121,10461078994
2024-05-01,232761335,2024,122,10693840329
2024-05-02,234112753,2024,123,10927953082
2024-05-03,177206016,2024,124,11105159098
2024-05-04,4051539,2024,125,11109210637
2024-05-05,2705061,2024,126,11111915698
2024-05-06,167025499,2024,127,11278941197
2024-05-07,203830111,2024,128,11482771308
2024-05-08,217974917,2024,129,11700746225
2024-05-09,219030331,2024,130,11919776556
2024-05-10,219133610,2024,131,12138910166
2024-05-11,2944740,2024,132,12141854906
2024-05-12,6343833,2024,133,12148198739
2024-05-13,202402526,2024,134,12350601265
2024-05-14,199026030,2024,135,12549627295
2024-05-15,244308002,2024,136,12793935297
2024-05-16,184928830,2024,137,12978864127
2024-05-17,220373261,2024,138,13199237388
2024-05-18,7142847,2024,139,13206380235
2024-05-19,1159163,2024,140,13207539398
2024-05-20,275130028,2024,141,13482669426
2024-05-21,222459841,2024,142,13705129267
2024-05-22,206769218,2024,143,13911898485
2024-05-23,199716003,2024,144,14111614488
2024-05-24,235342858,2024,145,14346957346
2024-05-25,8899861,2024,146,14355857207
2024-05-26,706193,2024,147,14356563400
2024-05-27,71795731,2024,148,14428359131
2024-05-28,142693851,2024,149,14571052982
2024-05-29,198268707,2024,150,14769321689
2024-05-30,214578762,2024,151,14983900451
2024-05-31,272917863,2024,152,15256818314
2024-06-01,13978706,2024,153,15270797020
2024-06-02,796682,2024,154,15271593702
2024-06-03,162439948,2024,155,15434033650
2024-06-04,231111622,2024,156,15665145272
2024-06-05,212927157,2024,157,15878072429
2024-06-06,206383052,2024,158,16084455481
2024-06-07,184334242,2024,159,16268789723
2024-06-08,15468266,2024,160,16284257989
2024-06-09,35844487,2024,161,16320102476
2024-06-10,202058846,2024,162,16522161322
2024-06-11,242860923,2024,163,16765022245
2024-06-12,296333350,2024,164,17061355595
2024-06-13,255143705,2024,165,17316499300
2024-06-14,295926458,2024,166,17612425758
2024-06-15,13827865,2024,167,17626253623
2024-06-16,1260633,2024,168,17627514256
2024-06-17,215650618,2024,169,17843164874
2024-06-18,203252440,2024,170,18046417314
2024-06-19,141988929,2024,171,18188406243
2024-06-20,150154396,2024,172,18338560639
2024-06-21,281214330,2024,173,18619774969
2024-06-22,9196783,2024,174,18628971752
2024-06-23,18629714,2024,175,18647601466
2024-06-24,227034328,2024,176,18874635794
2024-06-25,272340591,2024,177,19146976385
2024-06-26,265621164,2024,178,19412597549
2024-06-27,272857750,2024,179,19685455299
2024-06-28,339397931,2024,180,20024853230
2024-06-29,5476437,2024,181,20030329667
2024-06-30,4920297,2024,182,20035249964
2024-07-01,364619084,2024,183,20399869048
2024-07-02,244352356,2024,184,20644221404
2024-07-03,239491544,2024,185,20883712948
2024-07-04,59974673,2024,186,20943687621
2024-07-05,278073175,2024,187,21221760796
2024-07-06,15144221,2024,188,21236905017
2024-07-07,23153435,2024,189,21260058452
2024-07-08,217047147,2024,190,21477105599
2024-07-09,240916707,2024,191,21718022306
2024-07-10,263122954,2024,192,21981145260
2024-07-11,201814659,2024,193,22182959919
2024-07-12,187084633,2024,194,22370044552
2024-07-13,3361073,2024,195,22373405625
2024-07-14,994285,2024,196,22374399910
2024-07-15,227747831,2024,197,22602147741
2024-07-16,218468013,2024,198,22820615754
2024-07-17,206255578,2024,199,23026871332
2024-07-18,244735202,2024,200,23271606534
2024-07-19,281060206,2024,201,23552666740
2024-07-20,21433282,2024,202,23574100022
2024-07-21,1285604,2024,203,23575385626
2024-07-22,195449932,2024,204,23770835558
2024-07-23,295608369,2024,205,24066443927
2024-07-24,285403227,2024,206,24351847154
2024-07-25,328239455,2024,207,24680086609
2024-07-26,297449458,2024,208,24977536067
2024-07-27,11989787,2024,209,24989525854
2024-07-28,5813929,2024,210,24995339783
2024-07-29,287734108,2024,211,25283073891
2024-07-30,378452142,2024,212,25661526033
2024-07-31,330079020,2024,213,25991605053
2024-08-01,437287482,2024,214,26428892535
2024-08-02,266334041,2024,215,26695226576
2024-08-03,18040185,2024,216,26713266761
2024-08-04,13025398,2024,217,26726292159
2024-08-05,237722330,2024,218,26964014489
2024-08-06,281547485,2024,219,27245561974
2024-08-07,245627531,2024,220,27491189505
2024-08-08,259561318,2024,221,27750750823
2024-08-09,290801563,2024,222,28041552386
2024-08-10,23788100,2024,223,28065340486
2024-08-11,8507235,2024,224,28073847721
2024-08-12,515399200,2024,225,28589246921
2024-08-13,267290621,2024,226,28856537542
2024-08-14,294996063,2024,227,29151533605
2024-08-15,272106535,2024,228,29423640140
2024-08-16,360921551,2024,229,29784561691
2024-08-17,22074611,2024,230,29806636302
2024-08-18,18561482,2024,231,29825197784
2024-08-19,224083269,2024,232,30049281053
2024-08-20,500756714,2024,233,30550037767
2024-08-21,314018125,2024,234,30864055892
2024-08-22,236541412,2024,235,31100597304
2024-08-23,357816881,2024,236,31458414185
2024-08-24,24924125,2024,237,31483338310
2024-08-25,1414884,2024,238,31484753194
2024-08-26,285544449,2024,239,31770297643
2024-08-27,318288392,2024,240,32088586035
2024-08-28,426372176,2024,241,32514958211
2024-08-29,364781731,2024,242,32879739942
2024-08-30,469342188,2024,243,33349082130
2024-08-31,27714394,2024,244,33376796524
2024-09-01,24474018,2024,245,33401270542
2024-09-02,80748469,2024,246,33482019011
2024-09-03,191203800,2024,247,33673222811
2024-09-04,265563100,2024,248,33938785911
2024-09-05,265656362,2024,249,34204442273
2024-09-06,251626444,2024,250,34456068717
2024-09-07,20066748,2024,251,34476135465
2024-09-08,5701494,2024,252,34481836959
2024-09-09,256455500,2024,253,34738292459
2024-09-10,259538937,2024,254,34997831396
2024-09-11,222645407,2024,255,35220476803
2024-09-12,173025433,2024,256,35393502236
2024-09-13,183147421,2024,257,35576649657
2024-09-14,12044658,2024,258,35588694315
2024-09-15,20219760,2024,259,35608914075
2024-09-16,136808621,2024,260,35745722696
2024-09-17,366120502,2024,261,36111843198
2024-09-18,274625583,2024,262,36386468781
2024-09-19,254305881,2024,263,36640774662
2024-09-20,312793027,2024,264,36953567689
2024-09-21,15683848,2024,265,36969251537
2024-09-22,5420907,2024,266,36974672444
2024-09-23,110220345,2024,267,37084892789
2024-09-24,198423003,2024,268,37283315792
2024-09-25,66351270,2024,269,37349667062
2024-09-26,88833348,2024,270,37438500410
2024-09-27,26722564,2024,271,37465222974
2024-09-29,183881,2024,273,37465406855
2024-09-30,3134285,2024,274,37468541140
2024-10-01,0,2024,275,37468541140
2024-10-02,200000,2024,276,37468741140
2024-10-03,0,2024,277,37468741140
2024-10-04,0,2024,278,37468741140
2024-10-07,0,2024,281,37468741140
2024-10-08,0,2024,282,37468741140
2024-10-09,0,2024,283,37468741140
2024-10-10,0,2024,284,37468741140
2024-10-11,125927,2024,285,37468867067
2024-10-14,0,2024,288,37468867067
2024-10-15,300000,2024,289,37469167067
2024-10-16,153112,2024,290,37469320179
2024-10-17,178435,2024,291,37469498614
2024-10-18,92236,2024,292,37469590850
2024-10-19,0,2024,293,37469590850
2024-10-20,0,2024,294,37469590850
2024-10-21,43374,2024,295,37469634224
2024-10-22,1285348,2024,296,37470919572
2024-10-23,229884,2024,297,37471149456
2024-10-24,2772470,2024,298,37473921926
2024-10-25,5969937,2024,299,37479891863
2024-10-28,6999143,2024,302,37486891006
2024-10-29,11014496,2024,303,37497905502
2024-10-30,19132841,2024,304,37517038343
2024-10-31,16935977,2024,305,37533974320
2024-11-01,39281537,2024,306,37573255857
2024-11-02,0,2024,307,37573255857
2024-11-04,16236245,2024,309,37589492102
2024-11-05,20954632,2024,310,37610446734
2024-11-06,29873620,2024,311,37640320354
2024-11-07,22839367,2024,312,37663159721
2024-11-08,36889499,2024,313,37700049220
2024-11-09,1529768,2024,314,37701578988
2024-11-10,995033,2024,315,37702574021
2024-11-11,13554803,2024,316,37716128824
2024-11-12,32265735,2024,317,37748394559
2024-11-13,38069090,2024,318,37786463649
2024-11-14,47948379,2024,319,37834412028
2024-11-15,70281378,2024,320,37904693406
2024-11-16,3163789,2024,321,37907857195
2024-11-17,0,2024,322,37907857195
2024-11-18,47594998,2024,323,37955452193
2024-11-19,53523739,2024,324,38008975932
2024-11-20,67555102,2024,325,38076531034
2024-11-21,79482355,2024,326,38156013389
2024-11-22,121708642,2024,327,38277722031
2024-11-23,561681,2024,328,38278283712
2024-11-25,99179602,2024,330,38377463314
2024-11-26,130054300,2024,331,38507517614
2024-11-27,105683027,2024,332,38613200641
2024-11-28,29863369,2024,333,38643064010
2024-11-29,70263726,2024,334,38713327736
2024-11-30,24035870,2024,335,38737363606
2024-12-01,9136303,2024,336,38746499909
2024-12-02,19462034,2024,337,38765961943
2024-12-03,57875216,2024,338,38823837159
2024-12-04,80075048,2024,339,38903912207
2024-12-05,79792155,2024,340,38983704362
2024-12-06,85582281,2024,341,39069286643
2024-12-07,2861068,2024,342,39072147711
2024-12-08,0,2024,343,39072147711
2024-12-09,51897162,2024,344,39124044873
2024-12-10,77596184,2024,345,39201641057
2024-12-11,74685424,2024,346,39276326481
2024-12-12,94809137,2024,347,39371135618
2024-12-13,92608445,2024,348,39463744063
2024-12-14,4781455,2024,349,39468525518
2024-12-15,8649751,2024,350,39477175269
2024-12-16,74163044,2024,351,39551338313
2024-12-17,78373889,2024,352,39629712202
2024-12-18,103618594,2024,353,39733330796
2024-12-19,99779739,2024,354,39833110535
2024-12-20,168105414,2024,355,40001215949
2024-12-21,4517371,2024,356,40005733320
2024-12-22,5052103,2024,357,40010785423
2024-12-23,88622650,2024,358,40099408073
2024-12-24,61765845,2024,359,40161173918
2024-12-25,15514664,2024,360,40176688582
2024-12-26,36208259,2024,361,40212896841
2024-12-27,54695868,2024,362,40267592709
2024-12-28,2152562,2024,363,40269745271
2024-12-29,452223,2024,364,40270197494
2024-12-30,58270431,2024,365,40328467925
2024-12-31,72750936,2024,366,40401218861
2025-01-01,33762272,2025,1,33762272
2025-01-02,16422456,2025,2,50184728
2025-01-03,39355248,2025,3,89539976
2025-01-04,1610904,2025,4,91150880
2025-01-06,38211613,2025,6,129362493
2025-01-07,50358284,2025,7,179720777
2025-01-08,79152376,2025,8,258873153
2025-01-09,51048013,2025,9,309921166
2025-01-10,53259391,2025,10,363180557
2025-01-11,405138,2025,11,363585695
2025-01-13,77060562,2025,13,440646257
2025-01-14,78457955,2025,14,519104212
2025-01-15,109108000,2025,15,628212212
2025-01-16,78817776,2025,16,707029988
2025-01-17,184488557,2025,17,891518545
2025-01-18,7909817,2025,18,899428362
2025-01-19,3271275,2025,19,902699637
2025-01-20,29175982,2025,20,931875619
2025-01-21,43930504,2025,21,975806123
2025-01-22,90225840,2025,22,1066031963
2025-01-23,87641566,2025,23,1153673529
2025-01-24,88593517,2025,24,1242267046
2025-01-25,2211142,2025,25,1244478188
2025-01-27,96328609,2025,27,1340806797
2025-01-28,69523763,2025,28,1410330560
2025-01-29,13757873,2025,29,1424088433
2025-01-30,19762423,2025,30,1443850856
2025-01-31,88546118,2025,31,1532396974
2025-02-01,8267951,2025,32,1540664925
2025-02-03,5878718,2025,34,1546543643
2025-02-04,0,2025,35,1546543643
2025-02-05,0,2025,36,1546543643
2025-02-06,0,2025,37,1546543643
2025-02-07,913215,2025,38,1547456858
2025-02-10,1103774,2025,41,1548560632
2025-02-11,0,2025,42,1548560632
2025-02-12,62255703,2025,43,1610816335
2025-02-13,151802349,2025,44,1762618684
2025-02-14,209096587,2025,45,1971715271
2025-02-15,7646140,2025,46,1979361411
2025-02-17,55198299,2025,48,2034559710
2025-02-18,58909213,2025,49,2093468923
2025-02-19,96219035,2025,50,2189687958
2025-02-20,85546454,2025,51,2275234412
2025-02-21,51681535,2025,52,2326915947
2025-02-22,519282,2025,53,2327435229
2025-02-24,36518508,2025,55,2363953737
2025-02-25,46880705,2025,56,2410834442
2025-02-26,47201103,2025,57,2458035545
2025-02-27,38907370,2025,58,2496942915
2025-02-28,103997459,2025,59,2600940374
2025-03-01,12250714,2025,60,2613191088
2025-03-03,45642406,2025,62,2658833494
2025-03-04,79494169,2025,63,2738327663
2025-03-05,87222145,2025,64,2825549808
2025-03-06,85625318,2025,65,2911175126
2025-03-07,60531825,2025,66,2971706951
2025-03-08,1957725,2025,67,2973664676
2025-03-09,545774,2025,68,2974210450
2025-03-10,49343878,2025,69,3023554328
2025-03-11,56061283,2025,70,3079615611
2025-03-12,47630748,2025,71,3127246359
2025-03-13,31429734,2025,72,3158676093
2025-03-14,97812439,2025,73,3256488532
2025-03-15,3100467,2025,74,3259588999
